volume peso recompensa duração(s)
22 16 982 229
7 20 1241 674
20 13 1054 815
6 3 1176 551
19 9 1897 881
22 25 1227 810
7 20 412 756
6 19 1185 822
25 6 216 182
7 3 1607 273
9 9 1137 1019
10 10 553 631
22 25 224 467
13 13 1710 800
9 22 909 192
6 6 564 1017
6 26 1291 1035
29 22 561 236
16 28 875 1094
7 23 907 152
25 19 1753 524
13 20 1951 729
3 13 1502 270
20 3 1785 160
6 26 1291 1035
6 16 1023 132
26 6 774 314
16 29 533 935
19 6 1204 453
20 23 1551 986
3 13 355 737
13 20 1925 840
3 16 501 692
23 26 1520 942
29 10 483 1038
16 6 1907 397
16 29 1002 441
19 6 217 732
13 6 1699 1020
16 10 1081 1064
13 13 1714 399
19 6 324 237
13 10 483 694
22 19 783 277
3 19 1928 713
16 22 491 581
28 16 827 999
23 29 1232 389
23 23 1382 991
10 13 347 187
29 29 1019 326
7 13 898 325
28 6 1208 309
22 13 709 953
3 7 1565 226
19 13 1904 276
19 3 638 618
22 13 709 953
6 19 406 430
3 13 751 234
13 13 1679 146
6 16 618 1039
20 23 1551 986
6 26 1291 1035
10 3 1886 632
10 29 1065 111
16 16 1633 195
22 13 709 953
3 16 501 692
16 29 1730 638
3 13 1907 307
3 23 1410 1028
26 19 1397 1043
22 22 930 324
3 16 1796 762
13 16 1838 354
28 19 1240 826
29 29 1019 326
7 26 634 751
16 3 279 744
22 29 1500 828
6 6 631 145
6 29 834 900
10 13 419 950
19 19 1437 576
22 16 1819 768
19 19 1990 106
28 6 707 517
22 13 226 631
25 25 371 509
28 6 707 517
13 23 916 1026
26 13 1295 104
9 25 1529 1008
13 10 483 694
26 22 1628 925
10 16 1202 634
3 3 1563 535
22 19 470 470
6 26 1291 1035
26 29 1233 434
16 26 1590 728
19 6 1204 453
28 6 1636 436
16 3 1518 1053
9 9 1137 1019
19 19 1437 576
22 9 1509 598
25 6 647 415
16 3 279 744
6 6 779 122
19 13 1875 107
19 28 213 755
3 10 1475 786
19 25 1263 748
20 16 1200 991
6 13 1713 686
19 16 1351 615
10 6 1747 577
22 19 1628 332
13 25 550 100
3 10 984 463
7 16 789 650
10 7 1801 301
16 6 1907 397
22 10 1233 546
16 22 491 581
19 13 1904 276
20 16 1200 991
7 16 764 617
22 13 1897 272
13 20 1951 729
16 13 707 359
25 28 724 816
22 16 1175 863
19 22 691 728
26 22 1065 616
9 6 748 381
3 19 585 827
13 6 223 597
10 7 1801 301
9 19 1281 241
22 22 626 1048
3 16 1391 846
29 20 1160 237
23 23 1382 991
16 19 1193 338
13 3 455 292
9 9 1137 1019
9 6 1467 681
3 3 715 977
22 29 1500 828
16 3 262 658
6 6 779 122
19 25 305 782
22 3 1492 283
19 13 1040 651
20 13 848 198
22 22 626 1048
16 16 1633 195
25 28 221 802
10 22 1694 969
19 22 1897 986
26 19 244 1055
25 6 216 182
3 3 715 977
3 13 751 234
16 28 935 528
26 26 716 445
22 3 338 357
13 25 1026 365
6 3 615 970
16 29 1883 380
13 23 1714 347
13 3 699 1056
28 6 1953 299
13 13 1008 398
19 22 735 193
16 13 654 720
16 26 1789 1077
20 7 894 300
29 23 1148 789
13 6 1475 889
10 6 1765 970
7 10 801 919
16 29 1083 521
16 16 772 229
25 16 620 1002
22 25 1227 810
23 26 1594 1052
9 16 814 281
23 23 1382 991
3 13 1502 270
6 6 442 900
3 13 1210 892
19 22 1897 986
6 19 406 430
9 19 1281 241
29 10 243 775
22 25 914 337
10 22 1694 969
3 3 715 977
25 16 1200 591
29 10 1657 287
19 28 946 1021
26 26 1790 648
26 19 1397 1043
22 16 982 229
3 23 571 632
22 19 783 277
10 26 1229 237
3 20 1434 362
3 10 1791 520
20 26 1863 104
26 6 774 314
13 9 1857 1017
23 7 936 609
7 7 1524 189
3 19 754 984
13 26 1073 1066
20 20 418 893
6 6 631 145
19 13 1537 614
7 13 898 325
7 10 1630 963
19 22 691 728
26 29 610 917
23 20 1786 1041
19 22 1804 622
10 13 1315 328
25 19 1753 524
13 10 1614 331
6 22 597 540
25 25 371 509
26 10 574 593
26 19 1397 1043
10 26 410 192
28 6 1065 121
16 3 227 464
16 13 654 720
28 16 327 1010
9 25 1529 1008
13 23 916 1026
16 13 1477 513
10 7 1801 301
13 23 1714 347
19 6 217 732
23 26 1594 1052
23 7 936 609
22 16 1598 841
20 16 823 524
3 16 501 692
20 10 1569 720
22 22 626 1048
29 10 483 1038
6 13 1713 686
25 22 580 176
29 29 969 833
9 6 1467 681
19 6 1204 453
29 10 243 775
6 29 1859 261
3 13 472 300
3 13 633 583
13 23 1714 347
7 13 734 917
19 28 512 778
7 29 743 826
13 16 1785 297
29 20 1991 704
7 13 1210 414
3 19 585 827
7 13 734 917
26 16 1303 358
13 25 1026 365
16 22 491 581
29 23 1148 789
16 6 755 874
16 29 1739 656
9 22 452 901
25 6 653 107
22 19 470 470
13 25 1467 1058
22 19 783 277
7 10 801 919
25 28 1909 396
16 13 1121 641
10 26 1843 187
22 13 667 765
20 13 1542 128
22 10 1233 546
19 16 1319 385
16 20 816 1079
6 6 1921 197
3 16 1796 762
20 16 1200 991
25 28 521 989
3 19 952 540
3 22 1662 201
6 26 1991 318
19 19 1956 207
7 13 734 917
7 13 1210 414
29 26 1522 215
22 9 1509 598
29 29 969 833
19 13 1537 614
28 22 330 563
13 6 223 597
29 16 1051 169
10 7 1801 301
13 13 1679 146
22 13 1897 272
3 19 754 984
26 16 403 402
20 10 1663 207
26 22 1487 269
25 28 521 989
19 13 1688 640
10 26 1843 187
19 19 1990 106
22 28 347 1058
3 3 715 977
16 29 1730 638
20 13 636 446
19 6 1204 453
10 26 1843 187
19 28 486 840
6 16 647 872
22 3 1565 763
22 25 1227 810
3 19 1432 1051
13 6 490 406
29 19 1268 1095
16 3 227 464
13 6 1062 195
25 13 546 1056
16 29 1142 878
16 3 477 194
25 16 1200 591
25 22 861 590
10 6 542 430
3 16 1456 192
26 20 971 308
28 6 1636 436
19 16 1351 615
13 6 1699 1020
19 16 1351 615
29 20 1704 502
19 25 854 790
7 23 1303 229
3 3 699 786
19 3 1982 619
26 29 610 917
20 7 894 300
29 20 1972 641
7 7 501 800
10 29 1488 1094
22 13 667 765
19 3 522 1009
6 19 1591 138
28 22 330 563
13 3 203 818
3 13 1313 1080
25 19 1889 468
22 3 1492 283
19 22 1200 449
29 20 1160 237
20 26 1863 104
23 29 957 387
22 13 1897 272
19 6 1813 756
16 3 262 658
7 3 1823 958
19 25 305 782
13 25 550 100
13 6 490 406
22 22 930 324
6 19 1591 138
16 16 287 918
6 19 406 430
22 10 1233 546
13 3 455 292
3 3 699 786
22 9 1805 279
23 7 983 372
