===============================================
Day     |      Trucks      |       Orders
===============================================
1       |   original - 50  |    original - 450
2       |        5         |          5
3       |        10        |          15
4       |        15        |          35
5       |        20        |          65
6       |        25        |          105
7       |        30        |          155
8       |        35        |          215
9       |        38        |          349
10      |        41        |          279
11      |        43        |          379
12      |        39        |          386
13      |        44        |          336
14      |        37        |          442
15      |        42        |          373
16      |        40        |          378
17      |        45        |          357
18      |        47        |          469
19      |        49        |          453
20      |       1134       |          1430
===============================================