volMax pesoMax custo
296 271 13742
365 259 16982
309 377 15136
287 304 15787
255 275 13025
394 379 13241
309 377 15136
259 310 16154
259 354 13356
370 366 13618
262 384 15363
376 262 16090
382 304 14967
388 268 14521
285 258 13044
365 301 13406
308 371 13865
292 289 14548
394 379 13241
309 377 15136
253 386 13481
368 308 16575
256 289 14860
388 268 14521
277 399 14862
292 316 16581
258 289 14932
393 377 16543
398 378 15048
292 289 14548
343 277 15226
335 383 16287
277 399 14862
368 308 16575
335 381 15531
278 386 16833
268 346 14777
395 315 16790
328 398 13956
258 289 14932
259 310 16154
370 366 13618
385 254 14819
344 306 14015
336 345 14342
256 289 14860
259 354 13356
281 287 14581
278 386 16833
382 304 14967
256 289 14860
365 259 16982
368 308 16575
308 371 13865
382 304 14967
394 351 15473
277 399 14862
343 277 15226
335 265 15168
370 366 13618
368 308 16575
394 351 15473
328 398 13956
370 366 13618
382 304 14967
328 398 13956
378 272 15057
292 289 14548
393 377 16543
256 289 14860
335 265 15168
388 268 14521
255 275 13025
256 289 14860
382 304 14967
335 381 15531
253 386 13481
365 301 13406
388 268 14521
394 379 13241
310 387 14105
259 310 16154
393 377 16543
308 371 13865
310 387 14105
391 395 13796
394 351 15473
394 351 15473
388 268 14521
366 375 15556
296 271 13742
262 384 15363
378 272 15057
376 262 16090
325 316 13378
368 308 16575
262 384 15363
259 310 16154
268 346 14777
335 265 15168
253 386 13481
378 272 15057
253 386 13481
395 315 16790
292 316 16581
382 304 14967
344 306 14015
335 381 15531
335 383 16287
292 289 14548
268 346 14777
394 379 13241
382 304 14967
365 301 13406
325 316 13378
281 287 14581
325 316 13378
368 308 16575
309 377 15136
268 346 14777
277 399 14862
376 262 16090
278 386 16833
268 346 14777
360 331 15444
253 386 13481
393 377 16543
310 387 14105
336 345 14342
309 377 15136
255 275 13025
336 345 14342
343 277 15226
370 366 13618
262 389 15106
395 315 16790
343 277 15226
292 316 16581
336 345 14342
391 395 13796
277 399 14862
268 346 14777
253 386 13481
296 271 13742
385 254 14819
394 351 15473
393 377 16543
395 315 16790
255 275 13025
335 383 16287
287 342 15977
394 379 13241
292 316 16581
370 366 13618
368 308 16575
394 379 13241
365 301 13406
355 322 13718
378 272 15057
308 371 13865
391 395 13796
382 304 14967
388 268 14521
365 301 13406
397 321 13931
308 371 13865
344 306 14015
309 377 15136
309 377 15136
394 351 15473
287 304 15787
394 351 15473
325 316 13378
288 346 13476
288 346 13476
365 259 16982
292 289 14548
285 258 13044
262 389 15106
355 322 13718
336 345 14342
378 272 15057
292 316 16581
255 275 13025
287 342 15977
258 289 14932
296 271 13742
365 301 13406
398 378 15048
398 378 15048
398 378 15048
310 387 14105
262 384 15363
368 308 16575
335 381 15531
385 254 14819
385 254 14819
308 371 13865
391 395 13796
335 265 15168
259 354 13356
259 354 13356
365 259 16982
296 271 13742
285 258 13044
258 289 14932
388 268 14521
292 316 16581
393 377 16543
397 321 13931
262 384 15363
388 268 14521
376 262 16090
265 274 14952
335 383 16287
397 321 13931
391 395 13796
365 301 13406
365 259 16982
268 346 14777
393 377 16543
366 375 15556
325 316 13378
281 287 14581
395 315 16790
296 271 13742
395 315 16790
393 377 16543
258 289 14932
259 354 13356
336 345 14342
370 366 13618
296 271 13742
288 346 13476
397 321 13931
328 398 13956
277 399 14862
382 304 14967
335 265 15168
370 366 13618
335 265 15168
388 268 14521
296 271 13742
335 383 16287
393 377 16543
394 379 13241
366 375 15556
365 259 16982
265 274 14952
388 268 14521
336 345 14342
277 399 14862
285 258 13044
378 272 15057
262 389 15106
394 351 15473
395 315 16790
368 308 16575
287 304 15787
277 399 14862
256 289 14860
288 346 13476
378 272 15057
395 315 16790
355 322 13718
259 354 13356
253 386 13481
262 389 15106
262 384 15363
287 304 15787
296 271 13742
309 377 15136
335 383 16287
355 322 13718
310 387 14105
336 345 14342
395 315 16790
285 258 13044
335 381 15531
287 342 15977
385 254 14819
259 354 13356
285 258 13044
292 316 16581
287 304 15787
325 316 13378
328 398 13956
287 342 15977
385 254 14819
325 316 13378
296 271 13742
256 289 14860
265 274 14952
325 316 13378
277 399 14862
336 345 14342
265 274 14952
256 289 14860
355 322 13718
287 342 15977
262 389 15106
360 331 15444
255 275 13025
398 378 15048
285 258 13044
382 304 14967
335 265 15168
355 322 13718
397 321 13931
262 384 15363
325 316 13378
296 271 13742
394 379 13241
262 384 15363
397 321 13931
287 304 15787
368 308 16575
344 306 14015
253 386 13481
310 387 14105
281 287 14581
368 308 16575
308 371 13865
325 316 13378
288 346 13476
256 289 14860
259 354 13356
355 322 13718
343 277 15226
292 289 14548
360 331 15444
365 259 16982
355 322 13718
368 308 16575
343 277 15226
393 377 16543
285 258 13044
365 301 13406
344 306 14015
277 399 14862
259 310 16154
256 289 14860
287 342 15977
335 383 16287
310 387 14105
287 304 15787
292 316 16581
344 306 14015
265 274 14952
382 304 14967
385 254 14819
343 277 15226
378 272 15057
277 399 14862
360 331 15444
368 308 16575
287 304 15787
288 346 13476
255 275 13025
394 379 13241
365 259 16982
268 346 14777
360 331 15444
335 381 15531
366 375 15556
335 265 15168
328 398 13956
382 304 14967
397 321 13931
262 384 15363
328 398 13956
394 351 15473
397 321 13931
258 289 14932
255 275 13025
288 346 13476
382 304 14967
335 381 15531
376 262 16090
335 383 16287
365 259 16982
253 386 13481
256 289 14860
309 377 15136
336 345 14342
309 377 15136
385 254 14819
256 289 14860
360 331 15444
287 342 15977
336 345 14342
335 265 15168
343 277 15226
256 289 14860
278 386 16833
398 378 15048
360 331 15444
287 342 15977
325 316 13378
277 399 14862
336 345 14342
308 371 13865
376 262 16090
259 354 13356
265 274 14952
378 272 15057
382 304 14967
344 306 14015
397 321 13931
309 377 15136
287 342 15977
309 377 15136
292 316 16581
258 289 14932
262 389 15106
335 265 15168
325 316 13378
378 272 15057
262 384 15363
336 345 14342
382 304 14967
258 289 14932
355 322 13718
255 275 13025
285 258 13044
394 379 13241
397 321 13931
258 289 14932
262 389 15106
287 304 15787
292 289 14548
397 321 13931
287 342 15977
335 381 15531
296 271 13742
268 346 14777
398 378 15048
268 346 14777
265 274 14952
259 310 16154
335 383 16287
394 379 13241
287 304 15787
292 289 14548
309 377 15136
259 310 16154
394 379 13241
287 304 15787
265 274 14952
262 389 15106
388 268 14521
296 271 13742
253 386 13481
368 308 16575
382 304 14967
378 272 15057
255 275 13025
259 310 16154
382 304 14967
262 384 15363
287 342 15977
288 346 13476
262 384 15363
253 386 13481
397 321 13931
288 346 13476
335 383 16287
335 381 15531
395 315 16790
365 301 13406
370 366 13618
259 354 13356
310 387 14105
344 306 14015
394 379 13241
288 346 13476
258 289 14932
355 322 13718
281 287 14581
394 379 13241
296 271 13742
253 386 13481
344 306 14015
335 381 15531
292 289 14548
385 254 14819
382 304 14967
259 310 16154
397 321 13931
259 354 13356
393 377 16543
292 289 14548
310 387 14105
368 308 16575
360 331 15444
287 304 15787
288 346 13476
296 271 13742
262 389 15106
385 254 14819
368 308 16575
296 271 13742
335 265 15168
394 379 13241
287 342 15977
368 308 16575
344 306 14015
292 316 16581
268 346 14777
335 265 15168
336 345 14342
366 375 15556
262 384 15363
256 289 14860
259 310 16154
360 331 15444
278 386 16833
262 389 15106
366 375 15556
262 384 15363
285 258 13044
287 342 15977
328 398 13956
368 308 16575
285 258 13044
281 287 14581
335 381 15531
336 345 14342
288 346 13476
308 371 13865
391 395 13796
398 378 15048
325 316 13378
391 395 13796
395 315 16790
376 262 16090
365 259 16982
258 289 14932
328 398 13956
366 375 15556
262 384 15363
308 371 13865
292 316 16581
296 271 13742
285 258 13044
277 399 14862
292 289 14548
265 274 14952
268 346 14777
368 308 16575
378 272 15057
287 304 15787
391 395 13796
376 262 16090
262 384 15363
259 310 16154
395 315 16790
268 346 14777
288 346 13476
277 399 14862
391 395 13796
328 398 13956
385 254 14819
262 389 15106
265 274 14952
328 398 13956
308 371 13865
285 258 13044
259 310 16154
287 342 15977
370 366 13618
335 383 16287
328 398 13956
335 381 15531
262 384 15363
258 289 14932
385 254 14819
258 289 14932
335 265 15168
287 342 15977
292 289 14548
370 366 13618
285 258 13044
287 342 15977
385 254 14819
393 377 16543
253 386 13481
308 371 13865
285 258 13044
355 322 13718
262 389 15106
335 381 15531
393 377 16543
265 274 14952
262 384 15363
344 306 14015
394 379 13241
253 386 13481
365 259 16982
378 272 15057
360 331 15444
378 272 15057
258 289 14932
256 289 14860
255 275 13025
366 375 15556
393 377 16543
335 383 16287
394 351 15473
288 346 13476
376 262 16090
395 315 16790
388 268 14521
256 289 14860
288 346 13476
278 386 16833
378 272 15057
253 386 13481
292 316 16581
256 289 14860
268 346 14777
393 377 16543
328 398 13956
344 306 14015
370 366 13618
368 308 16575
335 383 16287
308 371 13865
292 316 16581
388 268 14521
336 345 14342
325 316 13378
360 331 15444
382 304 14967
365 259 16982
360 331 15444
335 265 15168
287 304 15787
344 306 14015
328 398 13956
265 274 14952
253 386 13481
292 316 16581
376 262 16090
335 383 16287
278 386 16833
335 383 16287
296 271 13742
259 354 13356
265 274 14952
343 277 15226
343 277 15226
310 387 14105
368 308 16575
344 306 14015
391 395 13796
335 383 16287
255 275 13025
288 346 13476
382 304 14967
258 289 14932
343 277 15226
398 378 15048
253 386 13481
285 258 13044
285 258 13044
328 398 13956
335 383 16287
292 289 14548
388 268 14521
391 395 13796
268 346 14777
285 258 13044
268 346 14777
262 389 15106
355 322 13718
292 316 16581
278 386 16833
336 345 14342
328 398 13956
281 287 14581
268 346 14777
287 304 15787
394 379 13241
259 310 16154
287 342 15977
253 386 13481
265 274 14952
296 271 13742
394 351 15473
281 287 14581
256 289 14860
288 346 13476
397 321 13931
259 310 16154
360 331 15444
376 262 16090
277 399 14862
310 387 14105
366 375 15556
296 271 13742
259 310 16154
308 371 13865
335 265 15168
391 395 13796
259 354 13356
368 308 16575
253 386 13481
378 272 15057
365 301 13406
256 289 14860
336 345 14342
281 287 14581
368 308 16575
288 346 13476
366 375 15556
292 316 16581
365 259 16982
287 342 15977
368 308 16575
287 342 15977
398 378 15048
355 322 13718
385 254 14819
388 268 14521
336 345 14342
278 386 16833
355 322 13718
397 321 13931
265 274 14952
296 271 13742
278 386 16833
343 277 15226
393 377 16543
262 389 15106
255 275 13025
285 258 13044
258 289 14932
365 259 16982
391 395 13796
394 379 13241
378 272 15057
394 379 13241
394 379 13241
268 346 14777
268 346 14777
256 289 14860
310 387 14105
309 377 15136
391 395 13796
328 398 13956
335 381 15531
368 308 16575
397 321 13931
256 289 14860
308 371 13865
292 289 14548
308 371 13865
296 271 13742
370 366 13618
343 277 15226
262 384 15363
292 316 16581
281 287 14581
309 377 15136
325 316 13378
277 399 14862
398 378 15048
281 287 14581
378 272 15057
259 310 16154
285 258 13044
355 322 13718
277 399 14862
256 289 14860
310 387 14105
287 342 15977
328 398 13956
395 315 16790
378 272 15057
366 375 15556
343 277 15226
382 304 14967
296 271 13742
259 310 16154
397 321 13931
378 272 15057
344 306 14015
388 268 14521
382 304 14967
365 301 13406
368 308 16575
360 331 15444
310 387 14105
388 268 14521
355 322 13718
365 259 16982
382 304 14967
391 395 13796
397 321 13931
277 399 14862
287 342 15977
325 316 13378
258 289 14932
292 316 16581
259 354 13356
285 258 13044
365 259 16982
309 377 15136
365 301 13406
394 379 13241
277 399 14862
287 304 15787
278 386 16833
328 398 13956
259 354 13356
395 315 16790
343 277 15226
259 354 13356
344 306 14015
287 342 15977
370 366 13618
292 316 16581
368 308 16575
394 379 13241
288 346 13476
366 375 15556
355 322 13718
335 381 15531
255 275 13025
277 399 14862
336 345 14342
376 262 16090
287 342 15977
365 259 16982
382 304 14967
382 304 14967
394 379 13241
365 301 13406
310 387 14105
292 289 14548
292 289 14548
360 331 15444
368 308 16575
253 386 13481
262 384 15363
262 384 15363
382 304 14967
287 304 15787
398 378 15048
394 379 13241
277 399 14862
256 289 14860
287 342 15977
368 308 16575
287 342 15977
253 386 13481
278 386 16833
394 379 13241
325 316 13378
365 301 13406
287 342 15977
287 342 15977
308 371 13865
397 321 13931
398 378 15048
281 287 14581
309 377 15136
365 301 13406
310 387 14105
256 289 14860
385 254 14819
296 271 13742
262 389 15106
253 386 13481
292 316 16581
378 272 15057
360 331 15444
292 316 16581
262 389 15106
366 375 15556
296 271 13742
370 366 13618
262 389 15106
258 289 14932
391 395 13796
394 379 13241
277 399 14862
287 304 15787
376 262 16090
292 316 16581
292 289 14548
259 354 13356
259 310 16154
288 346 13476
256 289 14860
378 272 15057
336 345 14342
296 271 13742
287 342 15977
325 316 13378
378 272 15057
366 375 15556
397 321 13931
393 377 16543
378 272 15057
394 351 15473
253 386 13481
391 395 13796
394 351 15473
262 389 15106
391 395 13796
287 342 15977
296 271 13742
281 287 14581
277 399 14862
394 379 13241
388 268 14521
292 316 16581
265 274 14952
360 331 15444
292 316 16581
310 387 14105
393 377 16543
344 306 14015
309 377 15136
310 387 14105
288 346 13476
287 342 15977
355 322 13718
262 384 15363
376 262 16090
391 395 13796
355 322 13718
335 265 15168
360 331 15444
336 345 14342
259 354 13356
335 383 16287
360 331 15444
328 398 13956
335 265 15168
268 346 14777
388 268 14521
287 342 15977
308 371 13865
382 304 14967
336 345 14342
343 277 15226
287 342 15977
355 322 13718
325 316 13378
398 378 15048
388 268 14521
335 265 15168
262 389 15106
395 315 16790
391 395 13796
382 304 14967
262 384 15363
258 289 14932
255 275 13025
385 254 14819
336 345 14342
287 342 15977
382 304 14967
285 258 13044
336 345 14342
397 321 13931
336 345 14342
335 383 16287
308 371 13865
296 271 13742
398 378 15048
259 354 13356
253 386 13481
370 366 13618
253 386 13481
265 274 14952
368 308 16575
366 375 15556
378 272 15057
285 258 13044
262 389 15106
366 375 15556
292 316 16581
278 386 16833
328 398 13956
382 304 14967
277 399 14862
368 308 16575
335 381 15531
394 351 15473
365 301 13406
259 310 16154
370 366 13618
365 301 13406
262 389 15106
258 289 14932
259 310 16154
391 395 13796
288 346 13476
285 258 13044
391 395 13796
253 386 13481
258 289 14932
285 258 13044
343 277 15226
325 316 13378
336 345 14342
368 308 16575
378 272 15057
259 310 16154
255 275 13025
268 346 14777
296 271 13742
278 386 16833
335 265 15168
285 258 13044
328 398 13956
382 304 14967
397 321 13931
262 389 15106
335 383 16287
393 377 16543
325 316 13378
335 383 16287
255 275 13025
368 308 16575
343 277 15226
335 383 16287
285 258 13044
365 259 16982
292 316 16581
256 289 14860
366 375 15556
368 308 16575
281 287 14581
360 331 15444
394 379 13241
259 310 16154
388 268 14521
258 289 14932
398 378 15048
366 375 15556
394 379 13241
288 346 13476
285 258 13044
258 289 14932
335 383 16287
262 389 15106
292 289 14548
335 381 15531
262 384 15363
255 275 13025
262 384 15363
335 381 15531
360 331 15444
360 331 15444
360 331 15444
288 346 13476
343 277 15226
268 346 14777
253 386 13481
308 371 13865
336 345 14342
376 262 16090
343 277 15226
376 262 16090
336 345 14342
287 342 15977
259 354 13356
256 289 14860
310 387 14105
393 377 16543
395 315 16790
382 304 14967
278 386 16833
309 377 15136
385 254 14819
256 289 14860
378 272 15057
259 310 16154
394 379 13241
398 378 15048
398 378 15048
335 383 16287
308 371 13865
360 331 15444
256 289 14860
388 268 14521
256 289 14860
343 277 15226
382 304 14967
335 265 15168
343 277 15226
335 381 15531
281 287 14581
360 331 15444
366 375 15556
335 383 16287
398 378 15048
398 378 15048
258 289 14932
281 287 14581
366 375 15556
370 366 13618
309 377 15136
278 386 16833
253 386 13481
281 287 14581
355 322 13718
281 287 14581
255 275 13025
382 304 14967
397 321 13931
285 258 13044
391 395 13796
278 386 16833
309 377 15136
292 289 14548
391 395 13796
325 316 13378
335 383 16287
336 345 14342
385 254 14819
256 289 14860
292 316 16581
259 310 16154
308 371 13865
253 386 13481
335 265 15168
360 331 15444
336 345 14342
